-85.46511449070147
-0.07595353418223875
-6.009355575569902
-6.096762798576793
-58.33238291217559
3.359246940481203
1.6692238917832618
-6.6278220381436475
-21.9369593831161
-7.620578410780517
-24.763538396587567
-31.000821064966654
0.03697494687749276
-12.032409969946482
-29.721980989717466
-2.8882337188932308
0.18738127987151967
-10.976494351075074
-2.321782684639889
-1.1614548354653782
-14.199039038802097
0.9398540583644908
-12.66345869523996
-20.081301021695605
-66.4189581225728
-9.669602427178942
0.4757150608971296
-6.510170402602076
-20.173430891711785
-83.76759835842184
-7.528864782101811
-1.859605601231523
-6.834731018220852
4.525144842760461
-1.2875759119880867
-10.893096662195804
-3.439728616783232
-8.489706706228189
3.1216693038130643
-5.316421791904172
8.922215733007642
-2.60938171752541
-9.852830118092355
-2.785983497142279
-15.284660572834541
-23.74286003652806
-9.636476159491917
-5.027136823168513
-1.6590100164491297
-11.544807282493723
-12.031871711049066
-2.7246653537734296
2.417588716450718
-7.303602425798398
-0.20291063952163213
-23.361222203090712
-21.54389833643857
-37.68895430822262
-5.042995273409446
-10.872553693917737
-10.776775802459236
-2.4953230272157154
-2.4223280868684243
-8.044652531291552
-3.274557868721687
3.875217302872013
0.8418111574608163
2.456056468541878
3.016046530327516
-0.7651108765367358
-2.0156583649054602
-0.8334602547019602
5.441561909298033
-1.6728946545762813
-3.5493194243374813
-2.77720024798417
-3.1392567843029386
-2.4033559986212043
-4.0587942854229935
-6.033825764171809
-1.969916572013972
-14.626403069577728
-4.1935376843545775
3.6528598745582928
-0.902755789891306
2.465301585442196
-12.09570284382009
1.4607452993203982
-37.83109701309363
-6.102234091341721
