-0.012398466263510927
-0.550231610790123
-0.028636091400640495
-0.2951621998347646
0.058030611511734644
-0.2768714184294395
2.929255926154725
0.0772101053577914
-3.002534610698267
0.2976002453440283
0.005679602566233411
-0.16961879072221403
0.010852517223666753
1.937116146767474
2.8517069587589026
-0.42461541679771886
-3.375123949318776
0.006443214431488967
-0.5343783112182942
1.3127684174562104
-0.025516013437295097
-0.0833840286679161
-0.15192724744288674
0.016464363249873982
-0.006945230599928439
0.0029490373568943217
0.06208492041273549
3.0452163381411204
-0.010974927342218577
-0.0323998780645323
-1.302728457529901
-6.5307470197026225
0.02310707620696759
-0.0027550304764138375
0.44366651428570314
0.005729866868343232
-0.03113511273347541
-2.1330484330481747
-0.00428141964023115
-0.046377187470581595
-1.1988237488378906
0.6550681446938432
0.062189453017181116
0.0902720957701345
-1.0563059026097767
-4.37371669637374
0.18734505832528625
-0.11516758465458739
-0.07045242988763965
-0.48238127036431744
0.002026649767093108
-0.04737333092640995
0.5771459436196055
-2.875516869740891
0.022702771332318836
8.680035520045157
-0.006698564191783361
-0.006596677613059036
-0.6297343023884667
0.1502994304807564
0.37005098498958366
0.09791518875763013
-0.17644171819332796
2.524042396454947
-0.18565824529599326
0.03854548147529889
-0.047984437091283166
0.021867734178264635
-0.13945545061121167
-0.058286373735589016
1.2170603755741447
-0.06457500725187011
-0.032174281432293936
2.0899674716188823
0.7424037975579247
-0.34626114744274367
0.7379402285707942
-0.5785609037369419
1.683074349611864
-0.4588824866212836
-0.08426383947385141
0.001997478249967737
-0.1284948170294622
0.3141631380595186
0.05820901499685209
-0.30303005438734515
0.236038498728285
-0.22817174026540243
0.020502877268684515
0.22879753046771661
-0.009557044619306121
-0.17828776064442395
-0.7146567430408539
-0.02523426888884072
1.142914031309237
2.0644289319630644
-0.01021714818792844
0.0601683862291001
0.02714002805963685
-1.5590714465106115
-0.03779178913432198
2.0704093853516734
3.0759477143947023
-2.2804717038805857
0.03146002931420535
1.29892986852448
0.002133475126649187
-0.014048881310031056
-1.1223049442752115
-0.014409570832948854
-3.552801672108817
0.41162994466331826
-0.3740043035264984
-1.653491333836807
-0.05390978821582036
-0.0010854935927754796
0.415523414639401
0.016144784065169643
1.6472207237622742
-1.09447672015024
2.7743766459281125
6.54645030101566
0.00810872231340217
-0.056891027107763
0.0714195711444085
0.006461448562049556
0.0016238792940321519
2.518544691390432
-0.3545431155492342
-0.16438740746293878
1.0311449439560139
0.03614780488900501
-0.022767970166764073
-0.007922363706803711
0.001341167041545077
4.360461752103278
0.48231160050147703
-0.10387045846460702
-0.012454049470299896
-0.4526629435954761
0.0028397157165001505
0.005476981442980054
0.1477898574317713
-0.012151840294471932
-0.08436974853915302
-8.651587969467336
0.012595305830799711
4.9653388703109025
-0.24846394349077452
7.587343230631197
-0.4791783381067628
0.04475025228283083
-2.193558086003337
-2.9806025386298423
-0.00948768594885628
2.5502698361184866
0.03070749449334035
-0.15789058970801312
-0.14637590634986938
0.004931472597852916
0.15090433821286306
-1.4856897275377268
0.14718569358760072
-6.220654761942097
0.6260539363483077
-0.06996131064029111
0.22491049005924543
-0.026041968749586464
1.8673791901655183
0.5366296990296443
-0.04932105624688125
-0.01599989910117466
-0.003387279935362356
-1.756527518979783
-5.837086799765071
-0.1938377368025344
-0.04254463783546338
0.0776892933890685
0.08921620169709552
0.11765406167211022
0.008905721008357166
-0.07088408020868306
0.5529536112101734
-0.03499816859675168
-0.07555387629833894
1.7835384084652042
-0.014480090538505408
0.03881432581392319
2.9182678745557746
2.7452097598859573
-0.01458977198874831
0.05232839637975214
-2.477500068293467
-0.5938545824004896
-2.7784597135355225
-0.41060529660298517
-0.012983128754401978
0.03826719054596043
-0.7966474446464339
0.012950518591941185
2.533392567419348
5.357490745622325
-0.04993132787359038
0.013464937671436262
0.002408405370053185
-0.02332462511334621
-3.1324395075157554
-0.001988130642768342
-0.01642228247925092
0.05859989847418331
-0.15138568093361163
-0.008553629388272263
-0.01455827472727241
-0.08251533938320893
0.10645519034847029
-1.5319621493171132
0.01799807103008105
0.18060604432249977
-1.000490148271756
-0.039417391240482005
0.017101923563332875
-0.002799013028300022
2.0590313447406636
-0.026798664982289003
1.059385787373
-0.05729093623210234
0.0221014149216228
0.07722100607170282
-0.0326448513943085
1.6668406495696846
0.005662648647561363
-0.0034782199936461084
2.0219974320383245
0.0022206509586677014
-2.4256509103492583
-0.013122557574440091
0.005705755845011582
-0.06911092647739826
-1.5075816601808076
-5.413498518790695
0.023335842262532193
0.17496807499233627
2.74350941014362
-0.34328158315413154
-0.04021409209588589
-0.2045987163548494
0.04553763035945578
-1.1462543142134194
-0.0783103236132349
0.056206233275044856
-0.0054374225855571955
1.5310869235996707
0.2721515105212203
-0.6437355670572117
0.5589952754534301
0.10731232219420363
-2.7011031851029688
0.053849405727042714
-3.1432676164617446
0.27221181273421347
0.037928514165840865
-0.017235293202644227
-0.1656740640399263
-1.6837075715606238
4.201033597237595
-0.46002456431562594
-0.27709685961391595
-0.38782132152421317
0.013614185305561674
-0.7213631424337911
-1.2006745518883395
-2.72456189638665
0.03909795928439455
-1.268042600772738
-0.7942724026255533
-0.021874060073467535
-1.3283268892448716
1.742509014583178
-0.04208600672116647
-2.627734212340854
0.0634993640920374
-7.465149969442428
-0.2055847950889873
0.5148071954842631
-0.004485693664441186
3.4629225812902162
1.7149228623223505
0.6539951551845793
3.157106699688478
-0.5072709702768492
0.5251609279325273
-5.780786906546387
0.05212916422073449
1.2695210885620345
2.4643240190527766
-0.4913979247788104
0.2277189557296347
-3.73279863472494
-1.253275602388159
0.7828674558294445
-1.049934180638294
-0.0029732699521109007
3.9060470830753314E-4
0.7809012464603345
3.6213030808665834
1.4828277472986555
0.0036027039595788323
-1.2180073922669126
3.580362592273563
-2.9639292902783647
-0.06562456908685253
2.500368091708505
-0.17882634120667892
0.9480035576358528
-0.0034187101861312525
0.5337637848377426
-0.12740417309472193
-0.8532646795902327
0.7951761903617725
-2.2509057170187763
-0.012082637927380815
-0.7533721268115416
0.8837091057481449
3.6837285016912658
3.0834456066496827
0.02363538258343012
-0.2821066649620162
0.6979852415186794
1.3545696453309586
-0.7541313688281455
0.0433845689218549
-1.582391620763227
-3.5434586788760734
1.6960379612644008
-1.277933254751808
0.09325476713047862
-0.9628446115292184
1.24728945559149
-0.3017562878883915
0.002892528795520822
-1.1533566818516727
1.332391817097211
-1.2895655763399592
2.3343246775191635
2.078270645365728
1.5934071162767238
-0.007789062769767988
-3.4814667514092177
-1.4276527328039246
-0.7031427642007458
1.2508853401917184
0.054018858565301656
0.8642009914577008
-0.8473433939330831
0.2955236515560391
-1.670771262896258
0.12258463033461564
-1.2728084485227305
-1.3952721718004681
0.348011581748745
1.2156412526646283
3.523712148139619
0.17717688082938055
1.6356260483672398
-0.34423746011573625
-3.5346824006084225
-1.5758650583636062
-1.9284167060282706
0.11126407799654209
1.1849858725991864
-0.016476197429978974
5.611286016221355
-0.3360891039040226
0.65580440421518
-0.10914869060316526
-3.846466131682052
1.6798734874002343
-0.6849507740527292
-0.5269701838984548
-0.8062057575348106
0.4388069146743425
-0.006038789957578269
0.5585835531180382
0.3745218700263439
-2.401809375889716
0.5137555888169708
2.5083114769154364
0.6675615825783446
-0.3864125613291246
0.2979871306471043
-0.054853874852816294
-0.0076929122777063905
-0.017219089174960883
-0.6379802679713006
-4.229127500856371
0.038315214169416335
0.008758518377024226
0.8064006946928849
-2.194967237029242
3.2836760566818084
0.23761544544544283
-3.1777256609183695
-1.9810813346832592
-1.0019212918277745
-5.984743626572962E-4
-0.4387999452538208
-0.6064229097431486
0.9831646967537169
-0.6816727128357293
1.5438134047992433
6.476127041903589E-4
0.7957544899047652
-3.68229322892726
-0.7935647347505947
-0.5556866074457767
-0.03978669973330007
0.2770750468671597
-5.572027558894401
1.190324532806274
-1.420006527135866
0.021893311567897325
1.2583605305003984
3.1009885942716493
-1.083180574302356
1.51060216285269
-2.4337603940165486
0.9379740340475626
0.0608570801504119
0.6749227002871727
-0.0041079607126160095
-0.19577589944632537
-1.344757954088214
0.9000649132306333
2.2686840689921506
-4.180506367304068
-1.350929586493655
1.6738826916011538
4.014354238897647
1.0340013728843325
0.39026562464016035
-1.1517416528137414
-0.022301393723023605
-0.5519536671360908
3.9357249429877412
1.117701765710953
2.6395361401945396
-0.04102709918892656
1.8233704354587417
1.2682881593809916
0.009457461975417594
